4331
2122
4624
1423
6583
5137
1426
1919
2101
4315
4855
6865
1114

7694
8630
6754
5894
7170
8178
8646
6369
6162
5627

67422

2437
6392
1206
1253
3402
4722
2867
6304
3139
2120
4953
5095
3647

16783

9717
25377
17887

6852
8926
10395
2107
8228
7462
5239
10085

22658
18276
12253

3488
4976
4196
3427
4603
1579
6785
6656
5143
1109
5507

14794
28617

2296
2367
1865
9975
1988
3950
7755
3008

8090
8620
11016
11153
5513
2683
4080

10557
2744
11379
8339
1908
3088

8659
9142
1838
10380
7386
4599
9768
3718

2941
9112
6492
2847
1562
8956

7867
4589
9354
3953
7557
2528
8845
8845
1468

7065
10043
7109
4063
2987

11800
5009
5108
4783
12570

61504

5512
1432
6118
6389
2752
5032
1688
5662
6690
4760
6248
3515
6122

4127
1192
3521
4583
3060
5306
2783
1949
3633
5486
4799
2056
2800
5770

19956
11717
16021
3566

2387
4083
5811
3849
3496
2213
4107
4588
1995
1228
5055
6133
1759

33909

4517
2866
1068
4227
1063
4361
3775
1875
1073
3639
3237
4783
5372
4323
3275

13452
14869
23151

12595
9113
9304
5185
5235
3787

6269
1291
2735
3495
2070
5552
4185
3574
4856
4845
1211
4071
5889
3287

4307
1452
2411
8024
2614
7541
5120
3104
3937
2592

37000
12395

4725
8239
3949
9498
9488
6151
5996

1748
3706
6210
5673
3791
5378
6384
2993
4521
1687
2437
3063
4262

10776

1329
2732
4136
3270
7983
6004
4285
7196
7543
7826

5324
15037
11331
14308
13527

1542
4771
4065
3939
5925
6740
5121
6854
1797
2246
2036
5105
5555

9669
8993
7817
5442
10974
7509
8967

46998

8151
8919
5590
1172
12588
12730

1584
7654

25613

10908
3168
6477
2079
1440
6280

7201
5717
8338
1740
2479
1984
1751
8594
7637
1089

14411
3771
7202
3251
2650

5964
3451
1718
1723
2658
2163
3113
6200
2399
5498
1571
5872
2842
6443

2611
3129
3150
4293
3362
5035
5682
1950
4556
6069
1061
3628
5222
2266
2326

3979
3488
4876
2074
5871
3413
3968
4870
4654
3475
3151
3581
4218
1086

1521
3326
3537
3223
2599
2264
3004
2885
6521
4096
3015
2034

9175
10101
6721
5683
8376
3584

8994
12517
5524
8860
1700

5976
5345
1916
1376
4610
4637
1222
1823
5969
4598
1266
3058
3274
3196
2533

4151
4606
2939
7433
7934
1433
7226
3391
6444
3292
3707

13678
1900
1316
2999
4739

10131
8655
3662
6570
9957
2535
3312

3632
1192
6521
7333
1874
6379
6505
3737
5705
6127
3099
5289

13342
10976
7459
17656

4441
2033
4373
6988
5037
3301
4940
5675
1654
2206
6505
1171

23804
22215

5917
1679
5720
2327
2111
1479
5369
1455
4047
2609
4059
5461
3726
5245
4617

3832

30019
36074

2301
2878
2284
2359
6149
5411
4323
2135
3423
5649
5302
2837
4670
5240

2535
3698
4005
4530
3483
3840
5770
6032
2261
4189
4715
6289
3112
5324

5734
4573
2286
1328
5187
6665
5591
2782
4429
5214
7126

4378
1546
5909
5252
12837
9857